TF-IDF Similarity (first 5):
[[1.    0.392 0.349 0.346 0.287]
 [0.392 1.    0.319 0.329 0.311]
 [0.349 0.319 1.    0.471 0.449]
 [0.346 0.329 0.471 1.    0.692]
 [0.287 0.311 0.449 0.692 1.   ]]

SVD Similarity (first 5):
[[1.    0.999 1.    0.775 0.721]
 [0.999 1.    0.999 0.796 0.744]
 [1.    0.999 1.    0.772 0.719]
 [0.775 0.796 0.772 1.    0.997]
 [0.721 0.744 0.719 0.997 1.   ]]

Embedding Similarity (first 5):
[[1.    0.116 0.133 0.108 0.083]
 [0.116 1.    0.098 0.122 0.108]
 [0.133 0.098 1.    0.303 0.29 ]
 [0.108 0.122 0.303 1.    0.433]
 [0.083 0.108 0.29  0.433 1.   ]]

TF-IDF vs SVD avg diff: 0.3751
TF-IDF vs Embedding avg diff: 0.1788